.Random.seed <-
c(403L, 416L, 1421672638L, 1856890713L, -259115610L, 1582883713L, 
-1898431217L, -850990832L, 530644455L, -852774832L, -1403970036L, 
2045978807L, 187693820L, 1738113547L, 1740200105L, 52898114L, 
-337116695L, -1040179402L, -890057270L, 508161349L, -2058367454L, 
1725075589L, -1331067813L, -930279940L, -1946323197L, 643753836L, 
-280783536L, -1862146389L, 2034888976L, 347693271L, -795691219L, 
779756710L, -975078771L, -387806022L, 1930219286L, 1759060977L, 
-715545282L, 421591033L, 1907124823L, -1621459496L, 972978271L, 
-1010625912L, 2049275492L, 2018209759L, -1286037404L, -884516925L, 
-1331020095L, 29826922L, 1836088129L, -95119410L, 1365627154L, 
-2013199507L, -392061654L, -730164115L, 1332355539L, 1193002004L, 
-477252085L, -1224413068L, -1571870600L, -1282478365L, 1419566554L, 
-1979809584L, 1926608810L, -1866306604L, 611688033L, 1838425859L, 
-1951578705L, -197622651L, 254703656L, -630652214L, 1076489276L, 
-1173749898L, 1326635959L, 1498688973L, 1328803593L, -86206785L, 
-1328227994L, 1663457532L, 1531329790L, -856390176L, 1304878613L, 
-818749105L, -368791293L, -227644335L, -1763849916L, 865980486L, 
-1084968256L, -1837621870L, -1412827797L, 1740575209L, -50228531L, 
-608994613L, 69530594L, -622555784L, 2082517138L, -1588199700L, 
-1288031911L, -642984229L, 1404781047L, -385166819L, -1620454080L, 
-857736382L, -1120369292L, 353379502L, -364421313L, 1788397157L, 
1710453361L, 1294476455L, -472228626L, -1152292764L, -482420794L, 
-1621348840L, 941620013L, -1178408761L, -1662280149L, -13425143L, 
1302456732L, 1543475774L, -1547004744L, -1113367830L, 1699692435L, 
1835493601L, 520759061L, -82877997L, -1005766102L, -1858304512L, 
-621646438L, 14263396L, -111789903L, -617587245L, 1796701503L, 
-1923522667L, 2078645048L, 588136154L, -720573812L, -1927635994L, 
2061023367L, -1711500483L, 339389017L, 1318382863L, -703837418L, 
-1366665172L, -5724882L, 795036688L, -175479771L, 1410309503L, 
-2014234797L, 333972865L, 1767422132L, -241075306L, 1200349328L, 
572741314L, 686854395L, 407275417L, -2031141699L, 1057147515L, 
-1859247950L, -922583512L, 270436738L, -1347594756L, 1941111465L, 
-137953429L, 1440882055L, 303444141L, -2128530800L, 115374482L, 
1838576260L, -1764256354L, 583703759L, -1536507499L, 357198017L, 
-1308954377L, 206256990L, -1119697452L, 1241185590L, 2089693704L, 
313536957L, -400819913L, 1695404347L, -554001735L, -849382516L, 
-982452466L, 4430152L, -1781489126L, 1582133475L, 1552564817L, 
1697793669L, 1460373699L, 1598940026L, -787188112L, -631169782L, 
-925974604L, -2017439295L, 1887365155L, -1980343281L, -1873665307L, 
938806152L, 549197738L, -932953956L, -1804479466L, 657172119L, 
-203617427L, -694188567L, -28685089L, -773098362L, -910073124L, 
1593555806L, 1182520256L, 554107957L, -1306935313L, -913987549L, 
-1978708495L, -750190364L, -130455642L, -839373344L, -746990030L, 
475815691L, 231875657L, 1721169005L, 750472683L, -1301233342L, 
-1066767784L, 184773554L, -2016432820L, 1123375801L, -108285701L, 
1944075415L, 28351997L, 1301953312L, 76096930L, 1966071700L, 
-166734002L, 151984479L, -372887995L, -344209327L, 1985081095L, 
-284158002L, -949409980L, 1321806630L, 194982392L, 1012050829L, 
559848807L, 695237451L, -1385998295L, -1415386436L, -1373905058L, 
1707586904L, -621426742L, 401315251L, -354782655L, -177020491L, 
-2028390477L, 343632330L, -2115988576L, -559472774L, 35445956L, 
318936721L, -1282943245L, 1219146399L, -1901299339L, -601147752L, 
493841210L, 1378022380L, -843764474L, 1447392487L, 464480733L, 
-513191751L, 750106927L, -1536596810L, 310444044L, 166285838L, 
-1880238224L, -625470651L, -1603168993L, 2052666355L, 876518177L, 
-1768050988L, 1596994678L, -885893584L, -519977118L, -710811877L, 
637738745L, 1557579613L, -881322597L, -1909994606L, -32946168L, 
-2141744766L, 704661454L, -1954886394L, 662006516L, -1115803859L, 
1503360377L, 73383121L, -620200589L, -1537260248L, 225133152L, 
-678340748L, 1373183926L, -792159785L, 1555934263L, 48088083L, 
513149089L, -390557138L, -274782142L, 2142671098L, 467064528L, 
-708600567L, 1651245333L, -1135955483L, -279488137L, -1412965332L, 
-1982567892L, 681031888L, -1193901382L, -35841189L, -640509477L, 
2003828207L, -108235843L, -412340230L, 174953142L, -1845430178L, 
1481983788L, -1171114891L, -654179743L, -727552135L, 1978069531L, 
-1861758560L, -1547497896L, -1666414436L, -408396194L, 568413327L, 
-71047313L, 554343739L, 1392395929L, 204162326L, -1126330982L, 
-352647166L, -1684265160L, -1617570079L, 530775661L, -476764611L, 
-233077393L, -90846828L, 1324597300L, 862282760L, -2058431374L, 
-1620524861L, 1956790115L, 179979911L, 1106232645L, -1766417646L, 
-452501922L, -934560394L, -1866152188L, 899555933L, -1410675575L, 
-1504748095L, 1955617571L, -1246181352L, 1618390352L, 166945092L, 
-1120036538L, -325963225L, 328113255L, -1907889117L, 1858013329L, 
1255502366L, -1949902446L, -1519874198L, -2095486304L, 242035801L, 
-38913819L, 2064068213L, -1036617529L, 1945045148L, 2059642460L, 
-1730236640L, 2035917130L, 868416203L, 600386059L, 36775039L, 
-853488435L, 1566754410L, -1697411034L, -222138066L, 1621727772L, 
-1487129595L, 1070550993L, -1515415479L, 1874738347L, 2026690352L, 
-1114029976L, 1518064332L, 775040526L, -1603128065L, 660039423L, 
-147046357L, 328327977L, -1488289690L, 1281426954L, -753711086L, 
606183784L, 1145718161L, 247030941L, -669169811L, 1953284127L, 
-1103026076L, -770903420L, -1651732872L, 557353442L, -2006121837L, 
1023956531L, 400855863L, 465357237L, 482423586L, 1287098606L, 
-1539325530L, -1155470188L, -470258931L, -1657148327L, 2140954289L, 
-519632493L, -1667715704L, 880072768L, 549531860L, -398977706L, 
-2007710665L, 1017941015L, -1257158285L, -1904941759L, -1293564786L, 
-1724922846L, -1497962150L, 216390192L, 1184064873L, 1859462773L, 
-1312493627L, -180097065L, -851568244L, -1318464180L, -1589225424L, 
-1884489382L, -1813208069L, 20204347L, 1197834895L, 1079695837L, 
1520226586L, -135825258L, -189075394L, 1296012364L, -665133163L, 
184705089L, -1846037223L, 48590395L, 2056761664L, 2043782504L, 
360926453L, -835917594L, 1047234575L, 1831204746L, -1053804703L, 
1460662710L, -664736215L, -609480516L, -855544755L, -653915382L, 
-20721665L, 2025471606L, 262147693L, -1965183226L, 797782497L, 
-275326648L, -2030831811L, -1405827266L, 1510994431L, 1278668138L, 
-758131327L, 1391491294L, 1979194497L, 1061377628L, -1992627395L, 
1034930258L, -1955430105L, 35188758L, -1800149859L, -2006368282L, 
914358513L, -993802568L, 193059765L, -84080954L, 779265647L, 
803678730L, 719052305L, 765362022L, -744313303L, -986637348L, 
239051773L, -433498134L, 1963519567L, -102229018L, -595856035L, 
-2101805002L, -1687483151L, -306834840L, 420038749L, 25373854L, 
782112495L, -257171270L, 593023073L, -564872914L, 641991201L, 
-2092541940L, -1009246275L, 766750610L, -1590596347L, -1537515943L, 
273467682L, 462535052L, -187360891L, 2091761481L, -126366380L, 
1717240778L, -984797871L, -77889423L, 527902242L, 919369664L, 
-1347281623L, 1710878801L, 1009945592L, 1082093554L, 2001006005L, 
1832968209L, 248582282L, 2059145652L, -1889684275L, -221658975L, 
-1077603676L, 1122239322L, 1292831401L, 216254425L, -635089078L, 
608631968L, 2068725561L, 1620089673L, -1742893104L, 1277516610L, 
-372766683L, -338152439L, 230237682L, 220949436L, 2135027285L, 
-858175639L, 604498084L, 1132066010L, 1303037473L, -310710495L, 
-39072126L, -1671848480L, 308624953L, 1809254561L, 480858680L, 
-641973406L, 901511445L, -1786218319L, -1994281334L, 125320052L, 
-1039862931L, -1702051439L, -1023555628L, 2127088266L, -2045678071L, 
2028356985L, -749477414L, 51727136L, -1978092695L, 2106958089L, 
2127825248L, 2067770834L, 657598661L, -1371469511L, -1666845278L, 
-1975324660L, 925891589L, -895800791L, 417204372L, 270688202L, 
-1398421967L, 500875249L, -1442327742L, 1059900576L, -1349422807L, 
-1468905423L, 2034347512L, -376353454L, 915687925L, -2044310351L, 
