.Random.seed <-
c(403L, 252L, -1054002731L, 302324003L, 574474240L, -1029185781L, 
71036018L, 1495086458L, 95732266L, -291273467L, 1952926563L, 
-1057738199L, 1818404183L, -292865039L, 2006393074L, 450525172L, 
133000913L, -1048548178L, -593749311L, 344767793L, -1261987131L, 
-430338654L, -2067160636L, 1673469483L, -371152303L, -931367571L, 
288563019L, -2117123766L, -1886437733L, -1271611789L, 157652045L, 
-518859156L, 2142689671L, 64049120L, 1093958571L, 398240234L, 
806038610L, -1387161371L, 1055395840L, -1865802434L, 299231414L, 
609223789L, -1076125023L, 1891967754L, -419446546L, 1371809171L, 
-1480384485L, 1463168813L, 371859910L, -356987642L, 1619806162L, 
1418678044L, -1378582052L, -249331022L, 193268575L, -790223336L, 
-817718275L, -1002943313L, -2108999607L, -1434884757L, 1997757895L, 
-781077258L, 1227561255L, 1351244363L, 489298013L, 1983754656L, 
597615847L, -1322152252L, -341571377L, -718413189L, 504133615L, 
-1801827259L, -1951741794L, -1305696019L, 743503459L, 933636957L, 
-2123093554L, 2086645731L, 1453521809L, -361265259L, -1900131466L, 
366796358L, -1230685314L, 1452267745L, 696827394L, 2117663461L, 
-1532791374L, -1527559327L, 1542812126L, -299859264L, -1161634431L, 
-168012543L, -198435627L, 1648918798L, 2050874199L, -1414824987L, 
-1318704290L, 43437475L, 1222514709L, 1620973580L, -1992192108L, 
182628710L, 1713789335L, 650669793L, -1040067561L, 403428820L, 
1068636683L, 1731366666L, -509122129L, -1038149736L, 768079671L, 
665296795L, 683135608L, -1312568486L, -1905279059L, -896860355L, 
-759433713L, 1811389913L, -179814420L, 1634818361L, -1160690129L, 
-1084808649L, -628446365L, -153671160L, -287413962L, -1060448491L, 
-650298851L, -1132029460L, 1388331226L, 1090438518L, -1943975863L, 
658688012L, -82184235L, -2014756410L, -2018441977L, 2143142928L, 
-1111152531L, 2051547785L, -766436000L, 755500812L, 1790388833L, 
-753822175L, -238280013L, -2122821715L, 1986942058L, 1867146297L, 
1119897462L, 525714764L, -103334995L, -1975025436L, 822358545L, 
-1502732178L, 1017170855L, -289948135L, 960651263L, 1786204898L, 
-537068444L, -949511800L, 1072449438L, 441905003L, -1240442573L, 
507662179L, -1462960831L, -371657356L, -1628826777L, -1672127589L, 
-968063555L, 598460005L, -99359439L, 72261635L, 344391574L, 87356037L, 
761978769L, 21392534L, -1901423624L, 801860942L, 1008452847L, 
1339072159L, -1505727800L, 1424313895L, -537280232L, -254831727L, 
132033432L, -1874782096L, 1671409418L, 960370602L, 878495156L, 
45314712L, 217436539L, -784633123L, 138483675L, -45472094L, -1145409670L, 
374883233L, -1015166541L, 1558813956L, -1472272356L, 1711542844L, 
1195969636L, 1210351538L, 867838778L, -658967704L, -1014287732L, 
2044889381L, -399951400L, -1505415053L, -918673863L, 576649690L, 
-1337933934L, 1491799354L, 883496219L, 2121541598L, -818150433L, 
1033384092L, -180818508L, 1875987105L, -1592672913L, 1984561202L, 
1460682401L, 1692215236L, -341420533L, -927437829L, 2011475070L, 
-234706404L, -705683100L, -654288750L, 1423221118L, 1789111617L, 
-1352922375L, -1980075776L, 401936116L, 54002261L, 1810379359L, 
811304438L, -1041359104L, 689420457L, -1508149594L, -346717312L, 
1692525465L, 1488230991L, -499894003L, 457581066L, -257099075L, 
1527328430L, -1576422268L, -981265442L, -247211522L, -245653533L, 
-499650346L, 967980474L, -1658483980L, -401014484L, 139541310L, 
631347162L, -1077306182L, -1526029418L, 639152731L, 1175218909L, 
-1834442630L, 852910985L, -255302505L, -1144047074L, 1572272098L, 
1870446822L, -396490236L, -722224473L, 523460635L, -390508395L, 
-385666795L, 1719703403L, -290778503L, 1371515644L, -1065234068L, 
-2125637620L, 2059292901L, 433823538L, 544490777L, 1810195768L, 
1002069396L, -1272023779L, -2030295637L, 979085585L, -1122184409L, 
1522805499L, 674201664L, -1843609736L, 295748936L, -414331076L, 
1417586205L, -1802579052L, 981209367L, -1485025678L, 117685633L, 
-998655823L, 1564619860L, 785929118L, -2070308043L, 1939444159L, 
1041822061L, 1223376372L, -263217173L, 518697524L, -217969035L, 
-715966675L, 436407979L, 845931747L, 1589965023L, -1950928369L, 
189698136L, -429602848L, -709560129L, 1965887605L, 1584339801L, 
-1106748277L, -1138478994L, 46706091L, 1670942647L, 37632170L, 
1030064294L, -1612504048L, -938799490L, -176593083L, -1588614903L, 
763843392L, -316260942L, -1392948670L, -599079346L, 1930416636L, 
-1972770772L, -1987976960L, -1536160637L, -2015396000L, 2120918668L, 
-106418193L, 181243197L, 859760447L, -417525616L, -1295922519L, 
-980702084L, 356664983L, -2033495546L, 1919299158L, -260418651L, 
405341298L, 1830192484L, 405080876L, 384328315L, 633952426L, 
-359364507L, 677701231L, -1550157813L, -1074888628L, 1037010261L, 
1233136909L, -1333442855L, 1151875622L, 1300996792L, 600463202L, 
-862717292L, 173894775L, -1343487565L, 140280802L, 1212963534L, 
1532228190L, -1572038056L, 1907962939L, -957993162L, 15937157L, 
-1402809164L, -543377730L, 167396769L, -987515524L, 1480957458L, 
-952942922L, -1492183783L, 1275673833L, 1495433135L, -722687500L, 
-1140518112L, -2122978866L, 2111450421L, -2147241230L, -1745980748L, 
1327641514L, -551371111L, 468396737L, -1329375013L, 565938963L, 
-1252181550L, -1953919099L, -1012270698L, -1003315433L, 559279760L, 
980450211L, -1043340301L, 1741298131L, 1061550214L, 729298901L, 
-142097351L, -816192476L, 1455334039L, -307230261L, 1607563001L, 
130800208L, -1572181751L, -1738830948L, 1085887044L, -540114944L, 
506945387L, 349704147L, -1713379721L, 1204062834L, -1488349508L, 
-460459804L, 1683542427L, -1162185655L, 255666125L, 352000391L, 
-81299640L, -1188026420L, -1218299846L, -896176188L, -402385586L, 
1151215556L, -1513036408L, 680063635L, 828279092L, 217543094L, 
199608250L, -933255375L, -1521577515L, -190635822L, 1148505139L, 
1001447406L, 1608994614L, -501224954L, 1313725311L, 1933690465L, 
202715963L, -1091670769L, -484579687L, 622245993L, -1108367741L, 
581301553L, 1102104319L, -983384220L, -982535877L, -503005071L, 
-734154913L, -368132354L, -214777424L, 1925901037L, -1761769487L, 
-2107640961L, -960443152L, 1756303749L, -407593399L, 447457224L, 
-1052568864L, 288028282L, 1816040529L, -696443758L, 1011391470L, 
-1107572347L, -495871733L, -2128076954L, -2113035000L, 1595547957L, 
983124544L, 816479383L, 923094414L, -83749346L, 520146266L, -916374248L, 
-1769559567L, 1207801489L, -27574444L, -301761770L, 1143810509L, 
-1658938279L, 1335459164L, 1132811698L, 1757783197L, 90751787L, 
-1182293457L, -745294588L, 1007793463L, -1926446633L, 471213214L, 
1429319537L, -1926448433L, -1597512581L, -1040767552L, -1435104899L, 
-1363950310L, -1050333427L, -2115974945L, 1586200889L, -1778827746L, 
-972288261L, 1700422886L, -1967420386L, 550049442L, -1313992588L, 
322720963L, 595895902L, 776539133L, -795870034L, -1037799769L, 
-1501989893L, 1259486829L, 1279298559L, -1889225068L, 1739957182L, 
-1477510994L, -1025723509L, -741815812L, -1432173069L, 1918120496L, 
468098522L, -2122792940L, -1984852127L, 1559161744L, -465128243L, 
547274775L, -236238254L, 466043624L, 1629776943L, 492778774L, 
-1376865133L, 2109560724L, -539221867L, 1931485160L, 1477912409L, 
1038035085L, 1559923984L, -1877184811L, 1263610915L, -133677901L, 
852001633L, 959911032L, -1280526487L, -1341176623L, -1673013427L, 
-354283992L, -279586642L, 689754853L, -577034243L, -270182557L, 
-937649031L, -1523218211L, -1318585788L, -893044315L, 1184053946L, 
3488148L, -2145272667L, -2145384219L, -151424493L, 1443456502L, 
1793743678L, 1957454261L, -1368706646L, 339171742L, -1987435711L, 
-1125401042L, -758936742L, 20537119L, -2022034643L, -1475555229L, 
686275435L, 1601950952L, 288136481L, -1245766826L, -1355327164L, 
-1062327414L, 85236431L, 395519740L, 1364352533L, 1410415881L, 
1371510899L, 762174524L, -332604558L, 195534080L, 1192275454L, 
331262869L, 973258514L, 1128660583L, -983788843L, -1457734693L, 
-121765803L, 932020101L, -187370063L, 1431833303L, -1010835029L, 
-1556723442L, 1283344501L, -109893931L, -1509567364L, 1737110675L, 
1629728408L, -11605237L, -319564163L, -132127706L, 165265703L, 
