.Random.seed <-
c(403L, 544L, 285344905L, -438695351L, -858143478L, -1400303792L, 
893877017L, 694139302L, -2062597682L, -467463180L, -367188174L, 
-30260818L, 1299135538L, -1265073327L, 1565435003L, 1138688136L, 
612953069L, -1847146730L, 2142718691L, 857682368L, -1510266282L, 
-800511139L, -1920648273L, -365455366L, 2140516710L, -807438124L, 
82509414L, 1816942115L, 1291664181L, -693826388L, 547160103L, 
-411013620L, 1279386876L, 761369582L, 1170031239L, -2057579138L, 
-2034307101L, -224242373L, 795609894L, 35396083L, 191193803L, 
1423256151L, 776389391L, -404523749L, -685817409L, -1127756452L, 
-1310185020L, -221645969L, -1931467728L, -1156151581L, 1127445102L, 
-1824523751L, -134229581L, 134120272L, 944122344L, -1310737093L, 
88117311L, -1358563273L, 1948218471L, 1705225548L, -2023068026L, 
-1443262537L, 741737812L, -828022757L, -1681498385L, 842268111L, 
-1437611770L, -1482720289L, 1106557440L, -1266676994L, -2004567465L, 
-1402074252L, 1350306176L, 1247172146L, 523970264L, -1729528084L, 
920656068L, 1429869511L, -843349083L, 2137483058L, 480566543L, 
1266073656L, 984912817L, -2137356382L, -910472740L, 197814911L, 
751181761L, 363993028L, -632764384L, 1381431190L, 1836060524L, 
-1672159087L, -1127231561L, 472464786L, -793035487L, 1415922178L, 
-818119774L, 1598657484L, 866855685L, 1951446904L, 111147461L, 
-13194515L, 1250573440L, 358344221L, -994564575L, 1657748601L, 
813259977L, 26194957L, -721691451L, 1731093110L, 1905248898L, 
1993509933L, 1549937902L, 2024129489L, 658544504L, 1990771719L, 
449470869L, 21720718L, -2109394018L, 1428814849L, 557796365L, 
-259263931L, -1828115927L, 1560470598L, 196583220L, 771391985L, 
-2119567710L, -349321067L, -1495151919L, 406220025L, -1015410744L, 
232748469L, -881024794L, -88213732L, -1962588731L, 2107868794L, 
797375242L, -452994080L, -399648458L, -2120771606L, 2097508014L, 
1142500621L, -859248521L, 1687426348L, 1454699961L, 724846666L, 
-32247489L, 897583428L, -1021380990L, 1926654001L, -1927244461L, 
1702126438L, 280965130L, -1527915824L, 817442658L, 249749687L, 
379632561L, 245421176L, 1241479643L, -1289005720L, -23283048L, 
1497550802L, -791647621L, 1918733466L, 850516535L, -242103377L, 
1366544074L, 726409967L, -285407633L, 1914118875L, 426297267L, 
509573775L, 118594403L, 1732413560L, 1687271544L, 433108771L, 
1793185756L, 642005991L, -872654822L, -1610030579L, -74790689L, 
1763580316L, -2139901692L, 567928159L, 19592723L, 559190971L, 
-694056709L, 826179248L, 1862542354L, 1410082123L, -184891960L, 
-1403215721L, -172326885L, -1120849885L, 1382704530L, -613964461L, 
-1850690204L, -1225082798L, -1914888453L, -1479419504L, -1444637772L, 
939356134L, 799338116L, -1938900416L, -1951909320L, 1809104363L, 
1371708761L, 1051690654L, 1055871635L, -912400668L, -642149787L, 
-160375010L, -1400253168L, -1173282997L, -638996851L, -1211739976L, 
-129345780L, -1510498934L, -1610741616L, -1500573027L, 1193247307L, 
-1572798346L, 1298569917L, -2074547370L, 886731574L, 1815000010L, 
-197150152L, -520327177L, 120178181L, 1579133830L, 636120115L, 
-707039747L, 8561758L, -1937929043L, -2099623475L, -387131337L, 
402165152L, 1704879756L, -2138043676L, -511173418L, 1426120844L, 
1812899042L, 1638088847L, 1889633769L, -2090343024L, -1140704318L, 
1546041705L, 455488544L, -91821464L, -1099242742L, -242984414L, 
-846391241L, -1421145030L, 1595009380L, -1645737430L, 2081390708L, 
-1101199257L, -1908943385L, 1586614608L, -444275723L, -322218798L, 
1546854387L, 1401581003L, -169122327L, 523290492L, -164926927L, 
-1773699655L, 1962544695L, -935255822L, -659817892L, -1397470858L, 
1087338860L, 99980864L, -638489400L, -1976124935L, -547751615L, 
-1338936508L, -81606070L, -1134348153L, 1103328240L, 1962067660L, 
747633874L, -1351717494L, -1255697451L, 1636162136L, 103488200L, 
-479013358L, 260520965L, 1714345522L, -1461229483L, 1449162678L, 
-1424082035L, -2135114688L, 666398780L, -1929454037L, 904889344L, 
180226142L, -1262492969L, -129157692L, 2109484096L, 558076865L, 
-1972360281L, -1536859505L, 609063776L, 1558610610L, -1724912985L, 
700629008L, -1022450526L, 23214245L, 93985924L, 1390515324L, 
1547615584L, 1677037143L, -1541601145L, -1070407392L, 672221417L, 
-98989890L, 866535360L, 1814978556L, 907348707L, -885234460L, 
1457793949L, -263228174L, -14963451L, -2121997548L, -1461427570L, 
1248458493L, 1228035862L, 962483418L, 1254028745L, 1786624154L, 
-372526882L, 768462345L, -1619972307L, 1844085683L, -150146412L, 
205063572L, 257432779L, 1761622584L, -170669340L, 2001970411L, 
1993999646L, -1306298904L, -1807217254L, 399754317L, 197475153L, 
-2138538154L, -734044595L, 1604533064L, -1973852864L, -1378605066L, 
-1822083231L, -947319182L, 24435345L, 1319525098L, -434087331L, 
-1852618136L, 1954889004L, 50526759L, -1773733024L, 1762737710L, 
-1628276485L, 661420908L, 1338510628L, -44373943L, 486195171L, 
-1922286273L, 1906796776L, 1941569814L, -971069665L, 1310197952L, 
-446595526L, 940058449L, -271377292L, -1350354380L, 1125777012L, 
1839662819L, 751355927L, -2086044092L, -1264510951L, 998015394L, 
44355952L, -601559564L, -245928685L, -102937784L, -1528936775L, 
1406651726L, -733172491L, -1062876980L, 786905362L, 1102079853L, 
766572682L, 824076146L, 1827385897L, 398337798L, -720844498L, 
524168257L, -176506067L, 1726204155L, 991692028L, 1103007349L, 
-360540397L, -95886384L, -1275075203L, 1315132345L, 909536005L, 
-912652617L, 128557436L, 268402186L, -98186609L, 842203456L, 
-1390063162L, -1958622176L, 1944242729L, 957006503L, -1580729735L, 
-548797761L, -1941828743L, -1671206710L, -1744729900L, 1441317470L, 
954650407L, 1784490152L, -394297622L, 1126975053L, 531627825L, 
1262519478L, -703137329L, 282485173L, 1880951082L, 676809254L, 
-1944104888L, 1421727603L, -621274225L, -463447616L, -202778425L, 
-1481311577L, 1341552347L, -1073136373L, 279670710L, -825696696L, 
-1071048755L, -1241960842L, 804224858L, 1560228254L, 2087125537L, 
-2065293903L, -1380227369L, 1154603801L, 761798937L, -506361018L, 
704370140L, -1496231032L, -1209607396L, 1506475989L, 1141363160L, 
-2041799258L, -87348240L, 580846260L, 1140260346L, -1369043675L, 
-1580851816L, 1392599188L, 1673841693L, 1865783147L, 1724857593L, 
217711175L, -905754961L, 2070352782L, -882715534L, 1259368453L, 
924128405L, -271172590L, 3201832L, 1822058325L, 533146527L, 761303563L, 
1378633126L, -1283244626L, 1990286743L, -1218958554L, -748457215L, 
348608851L, -1575300442L, 755070692L, 1145803867L, 71885592L, 
-1386909542L, -744697354L, -1776131121L, 1689307321L, 155508681L, 
-1083757136L, -1102175835L, -628824521L, -621177960L, -1180195222L, 
1229099698L, -2102345028L, -753386406L, -1848542499L, 1699452425L, 
-15869670L, 1033203600L, -950390053L, -1767308211L, 776125032L, 
-316684600L, -1497665852L, 793205269L, -139247725L, 517605632L, 
-872075065L, -418896528L, -803153774L, -556740597L, 756748701L, 
1747709328L, -39260485L, -1227343657L, 1032891797L, -1518654726L, 
-1483386058L, 1335965912L, 582438479L, 1068712502L, -1634709930L, 
-777923449L, -2058973443L, 305026423L, 1666889453L, 601171945L, 
-814513244L, -1060677640L, 1180668619L, -63818969L, -1469527900L, 
-1518956446L, 596626963L, -259611199L, -1080114631L, -1911754084L, 
170779816L, -1022611267L, -656254448L, 394083315L, -12982967L, 
1920130444L, -173772522L, -448116143L, -1084452978L, -844307332L, 
-1832201848L, 1903277617L, -566352637L, 656341919L, -781825510L, 
-2089205429L, 596171273L, -426739830L, -2015934436L, -1584090424L, 
-1830721342L, 621626524L, 1480829203L, -11608185L, 94130808L, 
-139382750L, -1586924003L, -976059436L, -122818358L, -1779945934L, 
-240492505L, -107581514L, 1443011941L, -2070446882L, 1530114170L, 
2047319194L, 1690566105L, 1012096294L, 1974268669L, 1168540350L, 
1229523786L, 2065327188L, 986428625L, -1379634567L, 347244710L, 
1109368064L, -468628614L, -612335073L, 1414063410L, -1130155905L, 
644273782L, -1550371265L, 684213416L, 1876293606L, 391454186L, 
