.Random.seed <-
c(403L, 210L, 1131151520L, -2109630109L, 1053776385L, 216779120L, 
1438742798L, -1558000775L, 1799111435L, 1869630522L, -1253545156L, 
-1763229569L, -124132395L, 1861881324L, 909483842L, 583180445L, 
2078611735L, 1887989886L, -387397576L, 59629339L, 1003957369L, 
1506751688L, 766072054L, -148749007L, 174519651L, -61532366L, 
2091270276L, 1851071687L, -380989539L, 813742868L, 1666238906L, 
-1018961915L, 958535135L, -57022362L, -792045584L, -1240686317L, 
10878641L, 93010272L, 1113100030L, -1794446711L, -1635154501L, 
599621514L, 662693484L, -1291921425L, 442658853L, 794886364L, 
-978229582L, -1136752211L, 1054571879L, 690170510L, -2113850520L, 
-300946581L, -408431351L, -2106348648L, 1417685702L, -1618014175L, 
1817564339L, -1895250398L, 676067348L, 464616599L, -187509107L, 
1358542756L, -1385453174L, -1563617803L, 620955727L, -565010602L, 
-1570015744L, 807978819L, 2077990625L, 1788214352L, -1069628242L, 
167272537L, 1145372779L, 427046362L, 1179623068L, -644239201L, 
1647528693L, -1622714484L, 101348962L, -1069102531L, -521636681L, 
1727179614L, 1315278488L, -1812107781L, 1961242521L, -113637336L, 
412283094L, -535186095L, -41360381L, -74511470L, 1672833316L, 
103559143L, 703280189L, 2085552820L, 1792643354L, 861856357L, 
-692500737L, -1080149114L, 1808243984L, 887494067L, -1710307759L, 
-2105367040L, 391897822L, -1201868503L, 1375460571L, 1633348586L, 
-1062618228L, -336036657L, 1160324229L, -1048973508L, -1335497198L, 
530607373L, -293292473L, 1446079534L, -1433407096L, -1160697717L, 
-1139850647L, 1429356088L, 1287214822L, -771231103L, 1454865939L, 
568986050L, -1308056972L, 791856247L, -1858237075L, 786870788L, 
-166948566L, -791296363L, -1173050065L, 820025398L, 492547168L, 
-184728925L, 1605858753L, 927056304L, -532307762L, -323731911L, 
-1514635189L, 1949118970L, -1050186500L, 1789985087L, -490471915L, 
-29278932L, -2072015358L, -2079615779L, -785477673L, 1997859518L, 
-2052789000L, 1208177371L, -195163847L, -1231008632L, -1898136522L, 
1270614129L, -506217821L, 1982308338L, 984101700L, 398564359L, 
-1363625507L, -1902704940L, 243706362L, 517113157L, -564571745L, 
-741051610L, -1239200848L, -865486765L, 1144370033L, 632963744L, 
160314942L, 1991130441L, 60752891L, -721786934L, 756406572L, 
1884222767L, 2123037669L, -1582316900L, -1761048846L, -1624238227L, 
-96804697L, 1566335694L, 1821085736L, 1805888555L, 1503632969L, 
-409151656L, 305938950L, -1206064159L, -919336589L, 110504418L, 
-910144172L, 586277975L, -1818245043L, 1109314532L, -1930974774L, 
557658165L, -1239732593L, -2078605418L, -853900480L, 390475267L, 
-238734303L, 827537168L, 1086106862L, 114160793L, 48423211L, 
869046298L, 401478364L, 1319949023L, -1742173003L, -247272884L, 
-1095199070L, -1856143875L, -1727162633L, 1045692446L, -674950440L, 
2077406779L, 1151206361L, 955707752L, 1262651542L, -1025292783L, 
-194117693L, -273693742L, 296861284L, 1131728295L, 1482515197L, 
1967281908L, -1226735142L, 31442213L, -1922186177L, -1970179130L, 
1036804176L, -1567601549L, 499212433L, 1606596284L, 369781200L, 
927187810L, -148856088L, 1904328908L, 825221628L, 1569845746L, 
-127989120L, -425681420L, 858928776L, -28713158L, -1288350896L, 
531491948L, -70155884L, 901198930L, -1193344544L, -279487284L, 
-1720990560L, 199292290L, -1946040088L, 874346220L, 1933464892L, 
2095516786L, 1570170992L, 1641087012L, -801420232L, -1884737766L, 
-92443440L, 2072756028L, 419686292L, 1895453570L, 28395968L, 
-1329529284L, 1945191824L, 985415202L, -914742008L, 825536140L, 
128950044L, -318783342L, -1781220992L, 1033201172L, 1563467560L, 
711203386L, -993247792L, -2128041620L, 1805747124L, 538466322L, 
-2138343968L, -1900263476L, 1883365600L, -2116282334L, 2093113640L, 
1638800908L, 637478716L, 1652147186L, 1002281712L, 443272772L, 
-1100725672L, -1084174534L, -1957501456L, -14461252L, 593869076L, 
1357333186L, 1300231264L, -1978793092L, -594405424L, 1423761698L, 
-1176733016L, -1138680948L, -234047300L, 971108146L, -320296384L, 
773487796L, 1274749512L, 1274242490L, 651428368L, 1790243564L, 
1553408340L, -192593646L, -483897952L, 1452647116L, 470949472L, 
723548098L, 2090788648L, 1314156460L, 196207420L, -523589262L, 
2079357744L, 1503423780L, -1289180360L, 830545626L, -111237232L, 
1995853564L, -892556396L, -447340478L, 1128224000L, 208438332L, 
-526859952L, -181464926L, 1467769160L, 173807372L, 2113520348L, 
406744402L, -158448512L, -213999532L, 1790152680L, 1499506938L, 
2012719952L, -296255700L, -1749767820L, -1260852334L, -1514788768L, 
-204714612L, 68442976L, -370394654L, -2084539480L, 76559564L, 
239534076L, 786949554L, -185174544L, -1242231868L, -2024495784L, 
-647341702L, -807468112L, -877622852L, 480786516L, -938395710L, 
-1684000736L, 1486633148L, 902337104L, 2021897186L, -147062680L, 
-359283636L, 398563580L, -337900558L, -2140092160L, -1417854604L, 
-881333240L, -148013126L, 151728592L, -279020564L, 1688084884L, 
-1330507310L, -1838575264L, -1258238132L, -33597152L, -1665056894L, 
2074717928L, -1478573844L, -1499745220L, -667894926L, -862044560L, 
1587680292L, -918009032L, -763384678L, 190321360L, 1520369852L, 
-2001654124L, -93604222L, 859850944L, -1769626820L, 1566727312L, 
1849294370L, -441921528L, 1504386316L, -1820218212L, 177372690L, 
552173440L, 39767572L, -272553432L, 879883578L, 1628195280L, 
-323996564L, 548383028L, -1694296430L, -2025125024L, 460780364L, 
-437012512L, 1146754978L, 395249576L, 1019325836L, 387483836L, 
-1951299214L, -1812589328L, -2055589820L, -1656315560L, -1365498310L, 
-424707216L, -560777156L, -1131553004L, -224893502L, 1313962720L, 
-2127587460L, -1031086384L, -2119083870L, -1961161688L, 1292821772L, 
-1868372036L, 2142136626L, -342922816L, 1266403892L, -1890706488L, 
-1919698758L, 886450576L, -258321940L, 353583700L, -816975726L, 
-629756128L, -369202740L, -147876384L, 633108162L, -597990360L, 
780481196L, 1148511420L, -861279758L, 921710896L, 1741362340L, 
-539359560L, 1845968218L, -1867778672L, -1223076996L, -783390444L, 
-563150014L, 2000804608L, 1871869884L, 1877270352L, 1157120802L, 
-74536140L, 740927810L, -1313739433L, -1014167391L, -2088148634L, 
1883870052L, -2115356011L, -836371521L, 1884966744L, 1170081142L, 
1738991491L, -1332822587L, -1315585310L, -1281627312L, -1183254919L, 
-60884565L, 463818524L, -161474486L, -246838209L, -987034487L, 
-359864162L, 2022237516L, -44088035L, 562069671L, -1832751152L, 
-1846990994L, 1189662235L, -1346357379L, -2089534102L, 705565704L, 
-1563157327L, 1754741539L, 860538916L, 299158226L, -1406623961L, 
-1211711119L, -1855322186L, 612858708L, 711525861L, -967639057L, 
-1642799320L, 1108371334L, -505850957L, -1233865963L, 1408191858L, 
985117120L, -1193631191L, -1086626149L, 1405300588L, 842512250L, 
1241796783L, 1518857145L, -1058210354L, 153463068L, -383116147L, 
1010405623L, -1071244288L, -1186390434L, 258769195L, -739384787L, 
706175642L, 1196760664L, -751885887L, 1182248563L, 256945044L, 
-185490910L, -741102281L, -1998959615L, 1816195334L, -817523388L, 
-1743898507L, -1782474273L, -433150664L, 66467606L, -485083357L, 
345392357L, -1877081854L, 1428026224L, 1870129945L, -749696245L, 
-152709124L, 832648234L, -373270433L, 1950257129L, -1579519746L, 
1004773612L, 1524876349L, 1277114375L, -189971472L, -1373827186L, 
-360608325L, -682792035L, -591728310L, -612460184L, 1461391185L, 
211127363L, -2021698236L, -451742222L, 81657799L, 812237201L, 
-1795066602L, 2093649268L, -503542779L, -282985393L, 484347976L, 
768542182L, -610051309L, 546487413L, 1109042770L, -819928928L, 
1837283721L, -14796357L, 1503499788L, 1350176666L, 994064143L, 
-1392038567L, -369965074L, 751775356L, -1905322259L, -1504550505L, 
975776352L, -498868162L, 669788427L, -1575441523L, 638707898L, 
30846712L, 1940448417L, -1233534893L, -121967756L, 1032689922L, 
-844875369L, -179625119L, 1521153958L, 26399140L, 370640981L, 
-1927996161L, 236757400L, -1024673098L, 1169150787L, 1948765829L, 
1929511714L, 1065400336L, 929694649L, -94346133L, 712882012L, 
-844329334L, 1225316991L, 1726989257L, 1288134750L, -1552514292L, 
