.Random.seed <-
c(403L, 10L, -1337196150L, 1939594741L, -1398476721L, 1117701974L, 
-1363575296L, 331722563L, -298572063L, -1182276528L, -324637522L, 
-1981753255L, -306325397L, -1930740262L, 715957916L, 559020191L, 
1193046773L, -911003764L, 76414562L, 160752189L, -1530549065L, 
1252307806L, 1545967256L, -1167895045L, 649349017L, -2066239448L, 
1448442070L, 2095906129L, -2010903549L, -161459310L, 1271021860L, 
-913606681L, 1903856701L, 2090580660L, -82781926L, 864991845L, 
1373040383L, 911913862L, -1541548784L, 1225887155L, -267375023L, 
-278655488L, -13219106L, -679065303L, -378776357L, 285045738L, 
1376166796L, -1115183921L, -875803515L, -1387215044L, 1979676178L, 
-1122577139L, 914783815L, 963281966L, -1965299320L, -519729013L, 
-684758423L, 69908024L, 1114623718L, 948775553L, 1532835347L, 
1768350146L, -2091677068L, 1724181623L, -638724755L, 335292932L, 
-799012566L, -2028511595L, -1411091153L, -1364160458L, 1485948000L, 
652421795L, 1350647233L, 522164656L, -944748338L, -1897957831L, 
309241931L, -1737999878L, -1625787140L, -818570945L, -2107886059L, 
-666581716L, 1915414018L, -1320657699L, -805181481L, 1256878782L, 
689095928L, 1675680475L, -1235607239L, 1723966600L, 523650102L, 
-1858117519L, -1227263325L, 1964427250L, 2118331204L, 99361799L, 
-1922301475L, -181084460L, 949879290L, -780489403L, -1016211041L, 
2043710246L, 1063351216L, 1433583699L, -1567589519L, -715822432L, 
939703870L, -884902583L, 211839995L, 991793098L, 2122883372L, 
-1434043089L, 1902945253L, 573479580L, 391847666L, -694014099L, 
-1562752857L, 926337742L, -1940432856L, -1521990613L, 2084890185L, 
-1672966312L, 122300934L, -1012706335L, 560329075L, -74251806L, 
58799444L, -257979305L, -1577979827L, -180358172L, 1199714762L, 
338950197L, 2046170767L, 789972886L, -968447168L, -183253501L, 
-104104927L, 646819600L, 48760046L, -1906504551L, -706918101L, 
-1239261158L, -2094834980L, 1588513503L, -967387979L, -2140159412L, 
63057570L, -110447107L, -1800397065L, -464627682L, -1735042344L, 
2106576443L, -866460711L, 1912260968L, -1789452138L, -1715667439L, 
1050261443L, -1453298734L, -600000924L, 692512167L, 1619180285L, 
-27828492L, -520742438L, 775781669L, 232336447L, 1466891206L, 
856193104L, -745360269L, -1230202735L, -1269847872L, -1392786786L, 
-296771991L, 780242587L, 580297642L, -622032948L, -348628337L, 
-1194446139L, -1982899588L, -1429522734L, 2108359245L, 338628359L, 
220386030L, 1845553096L, 1836050635L, -618497751L, 269689208L, 
-476764506L, -209358655L, -625845933L, -1083210238L, -1827094732L, 
421555383L, -300204883L, 948939204L, -1316337174L, -522799531L, 
1697753071L, -982353930L, -1202999008L, -900514077L, 1893984129L, 
1311547888L, -2036260722L, 1180862457L, -1243767413L, 1297467834L, 
500697276L, -660411393L, -958703275L, -160521620L, -1283782974L, 
-743747299L, 1575708567L, -812162306L, -1259505480L, -1787305317L, 
518516985L, -131214776L, 1532444022L, -829739855L, -1565769501L, 
20209586L, -96395260L, -293334201L, 1246349853L, -1399103340L, 
-273379270L, -1857645947L, -975989921L, -1159211332L, -1238599404L, 
-504622398L, -486677408L, -1423395972L, -1604204592L, -444223198L, 
1495349928L, -691283060L, 1134692540L, -1273929934L, 1283680832L, 
254909620L, -1386556856L, 463549882L, 926646800L, 81437420L, 
-1029045932L, -810393326L, -1582690912L, 932647628L, 812375648L, 
331495362L, 1580767016L, 1834946476L, -1559719108L, -1182013070L, 
848993072L, 134487332L, 1677749048L, 408407770L, -317175920L, 
-1016172804L, -1909195884L, 97062978L, -753298176L, -778132420L, 
-1472863920L, -280510302L, 1225986376L, -1141405940L, 989430492L, 
-109765294L, -1083108224L, 755814484L, 1402449896L, -677451526L, 
828332880L, 1699225388L, 946538868L, 464817042L, -1635936160L, 
-1922433652L, 1890524000L, -1255081502L, -1670368344L, 1924592844L, 
-1047252996L, 1364657586L, -1308240400L, -1449882684L, -1578232488L, 
-255116934L, -1865702480L, -1550386756L, 160671828L, -1427748926L, 
1778249760L, 47851708L, -381402544L, 1618469858L, -619872152L, 
-1773767604L, 135579900L, 929729522L, 2092599552L, -2036207244L, 
1558379528L, -1419792454L, 554861008L, 12069868L, 1773212052L, 
-968961582L, -1350352544L, 2041364300L, -361932512L, -2026016894L, 
-490889496L, 321392876L, 457495612L, -1741558926L, -1778532752L, 
1270633508L, -1433121992L, -1093784422L, 1850585808L, 1658749116L, 
84676244L, -996759934L, -2010220352L, 1857434428L, -1270104944L, 
-1312154078L, 931561480L, 347454732L, 245423260L, 1499037202L, 
-160866432L, 1738460692L, 442133032L, 1181779258L, -1924834864L, 
424580204L, 1715640628L, -9255278L, -1285952672L, -745217204L, 
669374432L, 1432176546L, 501917608L, 1171254668L, 224864444L, 
1639115122L, 1391260912L, 542826564L, 1551651160L, -1373964742L, 
1489533808L, 1493522492L, -1308877036L, 1524757954L, -2048501024L, 
-162019460L, 1622527696L, -2038040414L, -862397400L, 2002265356L, 
1190143932L, -1285985998L, 1118644672L, -709989836L, -321549368L, 
-1497458502L, 1754782096L, 581546476L, 972128852L, -1798643566L, 
1653292832L, -1690793524L, -1132890656L, -1185392958L, -912120792L, 
-1964199252L, 24069308L, 418912754L, 271130928L, -1259031388L, 
-482105672L, 1271909722L, 882681232L, -1459506308L, -829302508L, 
1606054722L, -1433429248L, 1307449276L, 146317136L, -449600734L, 
1702559048L, -814327284L, 921942108L, 246467794L, -1316562432L, 
-77247148L, 1460148712L, -1636156422L, 992309456L, -1442169556L, 
-1869401356L, 367888786L, -1004915616L, 1869096204L, -2115194144L, 
-1110677150L, -1696970072L, -1493265844L, 785645948L, -1767504590L, 
926470256L, -1138182332L, -2105758248L, -1223771014L, -820179408L, 
-902362436L, 260984660L, 1054364738L, 1931357600L, -2046166340L, 
399702480L, 637234530L, -1179406360L, -1000716340L, -776454404L, 
-1487805966L, -317216640L, 1654666484L, 1798682248L, -401602758L, 
1148408656L, -1522870676L, 811143316L, 2002796882L, 531947232L, 
-1492258100L, 271945888L, 1750064002L, 461271784L, 1880429292L, 
663186492L, -958963086L, -1043209104L, -1388394972L, 1102464056L, 
1489430554L, 1993099984L, -961502148L, 189387924L, -1906045822L, 
921262746L, -767785384L, 1161554369L, -864315789L, 900158356L, 
-1765520862L, 1144321335L, 1241576449L, 402225414L, 1751551300L, 
1614622837L, 167322079L, -1302491848L, -817676522L, -1886953693L, 
1054563557L, -292820734L, -1364513936L, 546063129L, -1604922613L, 
-471310340L, 780196906L, -112062369L, 907712489L, -1437411074L, 
-1691678484L, 1069419581L, 1167900679L, -1394377744L, 2029524878L, 
-1890032197L, -1631575139L, 1057954122L, -1844612760L, -1964918959L, 
-1548917693L, 1795067204L, -1626477070L, 728180679L, 879634833L, 
1895677206L, 757278068L, 2084463621L, -495074225L, -1901537208L, 
1776471526L, 647914259L, 1167127669L, -1189507502L, 1222486176L, 
-1460182647L, -758795845L, 1729490444L, 884815770L, 938016527L, 
-907754151L, -1535459346L, -602732932L, -477622547L, -1178404457L, 
1220211296L, -651687874L, 172634379L, -57416819L, 1152762042L, 
1092962040L, 1084828833L, 999159891L, -414907532L, -98918142L, 
-1901698665L, -1473823903L, 277807014L, 1664248228L, -1961193387L, 
1903453439L, 1633733016L, 1466094262L, 345246531L, 1735464581L, 
-629925086L, 1465770000L, 45317049L, -1356510101L, -536277156L, 
-32573814L, 1297912447L, -1814193207L, -446207906L, 290609932L, 
1237271261L, -1444926489L, -346779632L, -1727177426L, 168645083L, 
2098103997L, -1322142678L, 1147806920L, 617382385L, -1196568733L, 
-154216604L, -611471726L, 1246374759L, 741397809L, -2060308874L, 
1303687060L, -194098267L, -1603928913L, -1862176408L, 222050630L, 
-1646046989L, -1829908907L, -1048694222L, 265453568L, 1420141801L, 
-1630837925L, 1038173612L, 946757050L, -1353995409L, 468028665L, 
-697396850L, 2069554268L, -411158835L, 196698679L, -2119530304L, 
1189164958L, 35331179L, 1416444909L, -2060165542L, -1513873128L, 
-1982525823L, -2007129037L, 1695658580L, 1739347554L, 192878839L, 
